% 定义气体产物数据
data_CE_gas=[0.35	0.180263158	0.246052632	0.042105263	0.181578947;
0.607369759	0.134688691	0.124523507	0.024142313	0.109275731;
0.738379814	0.107569721	0.078353254	0.017264276	0.058432935;
0.820448878	0.081047382	0.039900249	0.016209476	0.042394015;
0.837916064	0.076700434	0.02894356	0.010130246	0.046309696];

data_LG_gas = [
0.009852941	0.223970588	0.358088235	0.406911765	0.001176471;
0.008209806	0.179703535	0.432269099	0.379133409	0.000684151;
0.008543732	0.189550359	0.430034504	0.370885591	0.000985815;
0.008857783	0.208595331	0.450872109	0.33090929	0.000765487;
0.008297884	0.219893913	0.457538995	0.313744026	0.000525183
];

% 定义固体产物数据
data_CE_solid = [
    34.42, 27.42, 21.43, 16.73;
    38.31, 21.37, 24.91, 15.41;
    42.69, 17.84, 24.17, 15.3;
    43.78, 16.9, 24.7, 14.62;
    44.53, 16.25, 24.54, 14.68;
    44.41, 18.25, 24.59, 12.75;
    43.24, 19.93, 23.57, 13.26;
    45.28, 16.14, 24.61, 13.97
];

data_LG_solid = [
    18.06, 15.3, 58.17, 8.47;
    13.77, 18.54, 57.46, 10.23;
    11.29, 20.17, 57.13, 11.41;
    10.28, 20.97, 56.98, 11.77;
    9.49, 21.53, 57.14, 11.84;
    9.02, 21.87, 57.23, 11.88;
    10.3, 21.41, 57.15, 11.14;
    8.19, 23.69, 57.43, 10.69
];

% 进行 Wilcoxon rank-sum 测试
% 气体组分
p_values_gas = zeros(1, 5);
components_gas = {'H2', 'CO', 'CO2', 'CH4', 'C2H6'};

for i = 1:5
    p = ranksum(data_CE_gas(:, i), data_LG_gas(:, i));
    p_values_gas(i) = p;
end

% 固体组分
p_values_solid = zeros(1, 4);
components_solid = {'Tar', 'Water', 'Char', 'Syngas'};

for i = 1:4
    p = ranksum(data_CE_solid(:, i), data_LG_solid(:, i));
    p_values_solid(i) = p;
end

% 显示结果
disp('气体组分的 Wilcoxon rank-sum 测试 p 值:');
for i = 1:5
    fprintf('%s: %f\n', components_gas{i}, p_values_gas(i));
end

disp('固体组分的 Wilcoxon rank-sum 测试 p 值:');
for i = 1:4
    fprintf('%s: %f\n', components_solid{i}, p_values_solid(i));
end
